1742509786.4289064	-16.67	1.88
1742509786.4289474	-17.76	1.18
1742509786.4289749	-8.63	0.64
1742509786.4290025	-2.29	1.27
1742509786.4290273	0.78	1.42
1742509794.7129862	0.0	0.0
1742509794.7375019	0.0	0.0
1742509794.7578728	-20.95	1.44
1742509794.778472	-4.98	1.97
1742509794.803066	1.97	1.97
1742509794.8234012	1.97	1.97
1742509794.8437207	1.97	1.97
1742509794.8643773	1.97	1.97
1742509794.8888104	1.97	1.97
1742509794.909349	1.97	1.97
1742509794.9298086	1.97	1.97
1742509794.9502494	1.97	1.97
1742509794.9747665	1.97	1.97
1742509794.9952755	1.97	1.97
1742509795.0157135	1.97	1.97
1742509795.0362723	1.97	1.97
1742509795.0568335	1.97	1.97
1742509795.081345	1.97	1.97
1742509795.1017623	1.97	1.97
1742509795.122343	1.97	1.97
1742509795.1427815	1.97	1.97
1742509795.1673043	1.97	1.97
1742509795.187826	1.97	1.97
1742509795.2083206	1.97	1.97
1742509795.2288456	1.97	1.97
1742509795.2532346	1.97	1.97
1742509795.273854	1.97	1.97
1742509795.294302	1.97	1.97
1742509795.314782	1.97	1.97
1742509795.3352778	1.97	1.97
1742509795.3598328	1.97	1.97
1742509795.3803391	1.97	1.97
1742509795.4009016	1.97	1.97
1742509795.4213822	1.97	1.97
1742509795.445855	1.97	1.97
1742509795.4664261	1.97	1.97
1742509795.4868333	1.97	1.97
1742509795.5074172	1.97	1.97
1742509795.527854	1.97	1.97
1742509795.5523756	1.97	1.97
1742509795.5729525	1.97	1.97
1742509795.5933173	1.97	1.97
1742509795.6138327	1.97	1.97
1742509795.6382966	1.97	1.97
1742509795.6588547	1.97	1.97
1742509795.679345	1.97	1.97
1742509795.699905	1.97	1.97
1742509795.7243888	1.97	1.97
1742509795.744894	1.97	1.97
1742509795.765343	1.97	1.97
1742509795.785803	1.97	1.97
1742509795.8062038	1.97	1.97
1742509795.8308656	1.97	1.97
1742509795.8513935	1.97	1.97
1742509795.8718207	1.97	1.97
1742509795.8964038	0.0	0.0
1742509795.9169567	0.0	0.0
1742509795.9374359	-36.51	7.6
1742509795.9618795	-55.53	27.37
1742509795.9825554	-57.85	16.34
1742509796.002967	-45.73	14.08
1742509796.0275633	-19.42	-0.33
1742509796.0482333	2.75	-1.19
1742509796.0724359	6.29	1.72
1742509796.0931053	-11.6	-11.68
1742509796.1137412	-26.63	-17.22
1742509796.1381953	-24.66	-12.74
1742509796.1586635	-11.82	-14.54
1742509796.1829274	-0.86	-22.84
1742509796.2037115	-9.58	-33.74
1742509796.2241127	-21.05	-42.98
1742509796.24873	-19.76	-17.71
1742509796.269163	-1.0	9.52
1742509796.289725	19.01	26.42
1742509796.314203	12.03	14.55
1742509796.3347712	-4.46	-9.83
1742509796.3592172	-20.73	-23.56
1742509796.3798099	-23.21	17.22
1742509796.4003937	-4.47	72.78
1742509796.4249578	16.92	77.34
1742509796.4454706	13.95	35.6
1742509796.469722	-2.25	-11.99
1742509796.4903963	-14.93	-1.81
1742509796.5108402	-8.79	-2.99
1742509796.5354712	-0.65	21.97
1742509796.5560093	11.73	6.27
1742509796.5765176	20.93	-8.13
1742509796.6010559	17.68	-9.6
1742509796.6215682	-4.63	14.41
1742509796.642025	14.41	14.41
1742509796.6665728	14.41	14.41
1742509796.686959	14.41	14.41
1742509796.7075772	14.41	14.41
1742509796.728034	14.41	14.41
1742509796.752476	14.41	14.41
1742509796.7729669	14.41	14.41
1742509796.7934754	14.41	14.41
1742509796.813935	14.41	14.41
1742509796.8385384	14.41	14.41
1742509796.8591073	14.41	14.41
1742509796.879589	14.41	14.41
1742509796.9000642	14.41	14.41
1742509796.9247293	14.41	14.41
1742509796.9451778	14.41	14.41
1742509796.9655523	14.41	14.41
1742509796.9861264	14.41	14.41
1742509797.010532	14.41	14.41
1742509797.0311837	14.41	14.41
1742509797.0515158	14.41	14.41
1742509797.0720892	14.41	14.41
1742509797.0965645	14.41	14.41
1742509797.1170428	14.41	14.41
1742509797.1375265	14.41	14.41
1742509797.1580575	14.41	14.41
1742509797.1827388	14.41	14.41
1742509797.203177	14.41	14.41
1742509797.2234201	14.41	14.41
1742509797.243939	14.41	14.41
1742509797.268658	14.41	14.41
1742509797.289056	14.41	14.41
1742509797.3096335	14.41	14.41
1742509797.334013	0.0	0.0
1742509797.354549	-76.46	-2.14
1742509797.3751109	-76.68	-11.04
1742509797.3997269	-54.02	-18.21
1742509797.420138	-43.98	-16.47
1742509797.4445255	-44.03	-0.46
1742509797.465132	-33.82	6.67
1742509797.4857154	-20.26	-3.5
1742509797.5102417	-7.66	-7.74
1742509797.5307631	-15.55	-8.16
1742509797.5511618	-35.4	-1.04
1742509797.5757742	-42.74	4.02
1742509797.5964196	-33.15	-7.5
1742509797.6210358	-22.99	-20.25
1742509797.641538	-25.69	-26.39
1742509797.6618497	-25.16	-19.98
1742509797.6863642	-33.81	-6.57
1742509797.706902	-26.34	-11.43
1742509797.7313676	-13.08	-14.25
1742509797.7519352	-15.11	-11.76
1742509797.7724328	-20.63	-3.83
1742509797.796975	-21.54	0.49
1742509797.81748	-13.6	-6.3
1742509797.8417785	-11.94	-3.36
1742509797.8624887	-15.99	1.78
1742509797.8829656	-19.77	7.4
1742509797.9074385	-5.63	1.29
1742509797.9280033	-2.89	-0.15
1742509797.9485261	-9.4	-3.68
1742509797.9729803	-19.81	-4.48
1742509797.9936423	-23.05	-2.67
1742509798.0181532	-26.55	0.04
1742509798.0388403	-16.54	-0.16
1742509798.0592942	-1.72	-6.36
1742509798.0837994	-9.01	-8.62
1742509798.104238	-26.68	-7.14
1742509798.1247706	-28.27	-1.64
1742509798.1491075	-26.41	0.62
1742509798.169555	0.62	0.62
1742509798.1900373	0.62	0.62
1742509798.2105017	0.62	0.62
1742509798.2349656	0.62	0.62
1742509798.2556894	0.62	0.62
1742509798.276257	0.62	0.62
1742509798.29672	0.62	0.62
1742509798.3212826	0.62	0.62
1742509798.3418896	0.62	0.62
1742509798.362214	0.62	0.62
1742509798.382636	0.62	0.62
1742509798.4030933	0.62	0.62
1742509798.4279392	0.62	0.62
1742509798.4482841	0.62	0.62
1742509798.4687822	0.62	0.62
1742509798.4890945	0.62	0.62
1742509798.5136373	0.62	0.62
1742509798.5341778	0.62	0.62
1742509798.5546849	0.62	0.62
1742509798.575157	0.62	0.62
1742509798.599547	0.62	0.62
1742509798.6202006	0.62	0.62
1742509798.640687	0.62	0.62
1742509798.6611319	0.62	0.62
1742509798.6816356	0.62	0.62
1742509798.7061393	0.62	0.62
1742509798.7266674	0.62	0.62
1742509798.7471032	0.62	0.62
1742509798.767845	0.62	0.62
1742509798.7921274	0.62	0.62
1742509798.8127341	0.62	0.62
1742509798.8331115	0.62	0.62
1742509798.8538282	0.62	0.62
1742509798.8743577	0.62	0.62
1742509798.898905	0.62	0.62
1742509798.9193554	0.62	0.62
1742509798.939797	0.62	0.62
1742509798.9601684	0.62	0.62
1742509798.984697	0.62	0.62
1742509799.0052938	0.62	0.62
1742509799.025864	0.62	0.62
1742509799.0461502	0.62	0.62
1742509799.0706432	0.62	0.62
1742509799.0913012	0.62	0.62
1742509799.1117582	0.62	0.62
1742509799.1322126	0.62	0.62
1742509799.1526246	0.62	0.62
1742509799.177182	0.62	0.62
1742509799.1977909	0.62	0.62
1742509799.2180674	0.62	0.62
1742509799.2386892	0.62	0.62
1742509799.2632022	0.62	0.62
1742509799.2838142	0.62	0.62
1742509799.304243	0.62	0.62
1742509799.324679	0.62	0.62
1742509799.345075	0.62	0.62
1742509799.369775	0.62	0.62
1742509799.3902416	0.62	0.62
1742509799.41073	0.62	0.62
1742509799.431214	0.62	0.62
1742509799.4557958	0.62	0.62
1742509799.476352	0.62	0.62
1742509799.4968333	0.62	0.62
1742509799.5172281	0.62	0.62
1742509799.5375865	0.62	0.62
1742509799.562323	0.62	0.62
1742509799.5828364	0.62	0.62
1742509799.6032634	0.62	0.62
1742509799.6237676	0.62	0.62
1742509799.6481633	0.62	0.62
1742509799.6687655	0.62	0.62
1742509799.6892502	0.62	0.62
1742509799.7097635	0.62	0.62
1742509799.734089	0.62	0.62
1742509799.754792	0.62	0.62
1742509799.7752326	0.62	0.62
1742509799.7957704	0.62	0.62
1742509799.8162105	0.62	0.62
1742509799.8407562	0.62	0.62
1742509799.8614676	0.62	0.62
1742509799.881736	0.62	0.62
1742509799.9021835	0.62	0.62
1742509799.9267046	0.62	0.62
1742509799.9472148	0.62	0.62
1742509799.9677927	0.62	0.62
1742509799.988232	0.62	0.62
1742509800.008752	0.62	0.62
1742509800.0332563	0.62	0.62
1742509800.0538533	0.62	0.62
1742509800.0740876	0.62	0.62
1742509800.0947554	0.62	0.62
1742509800.119221	0.62	0.62
1742509800.139817	0.62	0.62
1742509800.1602523	0.62	0.62
1742509800.1809328	0.62	0.62
1742509800.2013953	0.62	0.62
1742509800.2259228	0.62	0.62
1742509800.2463813	0.62	0.62
1742509800.266938	0.62	0.62
1742509800.2872467	0.62	0.62
1742509800.3117633	0.62	0.62
1742509800.3323412	0.62	0.62
1742509800.3527634	0.62	0.62
1742509800.3732533	0.62	0.62
1742509800.397686	0.62	0.62
1742509800.4183743	0.62	0.62
1742509800.4389615	0.62	0.62
1742509800.4594307	0.62	0.62
1742509800.4796565	0.62	0.62
1742509800.5041327	0.62	0.62
1742509800.5248725	0.62	0.62
1742509800.5452743	0.62	0.62
1742509800.5656984	0.62	0.62
1742509800.5903952	0.62	0.62
1742509800.6108904	0.62	0.62
1742509800.631297	0.62	0.62
1742509800.651755	0.62	0.62
1742509800.6721911	0.62	0.62
1742509800.6967835	0.62	0.62
1742509800.7173288	0.62	0.62
1742509800.7380252	0.62	0.62
1742509800.758341	0.62	0.62
1742509800.7826533	0.62	0.62
1742509800.8032248	0.62	0.62
1742509800.8238015	0.62	0.62
1742509800.844168	0.62	0.62
1742509800.865025	0.62	0.62
1742509800.8895805	0.62	0.62
1742509800.9098022	0.62	0.62
1742509800.930278	0.62	0.62
1742509800.9507477	0.62	0.62
1742509800.9752033	0.62	0.62
1742509800.9958563	0.62	0.62
1742509801.0165467	0.62	0.62
1742509801.036805	0.62	0.62
1742509801.0611203	0.62	0.62
1742509801.0818388	0.62	0.62
1742509801.1023467	0.62	0.62
1742509801.1228113	0.62	0.62
1742509801.1431627	0.62	0.62
1742509801.1680162	0.62	0.62
1742509801.188392	0.62	0.62
1742509801.208793	0.62	0.62
1742509801.2292676	0.62	0.62
1742509801.2538714	0.62	0.62
1742509801.2745645	0.62	0.62
1742509801.2950323	0.62	0.62
1742509801.3154929	0.62	0.62
1742509801.3359704	0.62	0.62
1742509801.360538	0.62	0.62
1742509801.3809	0.62	0.62
1742509801.4015284	0.62	0.62
1742509801.4220119	0.62	0.62
1742509801.44643	0.62	0.62
1742509801.4669251	0.62	0.62
1742509801.4873228	0.62	0.62
1742509801.5077994	0.62	0.62
1742509801.5322251	0.62	0.62
1742509801.5528398	0.62	0.62
1742509801.5733867	0.62	0.62
1742509801.5940018	0.62	0.62
1742509801.6143486	0.62	0.62
1742509801.638855	0.62	0.62
1742509801.6593726	0.62	0.62
1742509801.679901	0.62	0.62
1742509801.7003202	0.62	0.62
1742509801.7248917	0.62	0.62
1742509801.7455854	0.62	0.62
1742509801.7658849	0.62	0.62
1742509801.786258	0.62	0.62
1742509801.8068166	0.62	0.62
1742509801.8313534	0.62	0.62
1742509801.8519876	0.62	0.62
1742509801.8723958	0.62	0.62
1742509801.8929348	0.62	0.62
1742509801.917315	0.62	0.62
1742509801.9378123	0.62	0.62
1742509801.9583092	0.62	0.62
1742509801.978796	0.62	0.62
1742509801.999396	0.62	0.62
1742509802.0240762	0.62	0.62
1742509802.0444913	0.62	0.62
1742509802.0649452	0.62	0.62
1742509802.085302	0.62	0.62
1742509802.1097598	0.62	0.62
1742509802.1305408	0.62	0.62
1742509802.1510513	0.62	0.62
1742509802.171302	0.62	0.62
1742509802.1959145	0.62	0.62
1742509802.21666	0.62	0.62
1742509802.2369568	0.62	0.62
1742509802.257584	0.62	0.62
1742509802.2780232	0.62	0.62
1742509802.3022919	0.62	0.62
1742509802.323018	0.62	0.62
1742509802.3435278	0.62	0.62
1742509802.364087	0.62	0.62
1742509802.388307	0.62	0.62
1742509802.4091547	0.62	0.62
1742509802.429646	0.62	0.62
1742509802.4500036	0.62	0.62
1742509802.4702313	0.62	0.62
1742509802.4948208	0.62	0.62
1742509802.5153468	0.62	0.62
1742509802.5358744	0.62	0.62
1742509802.5563877	0.62	0.62
1742509802.5809982	0.62	0.62
1742509802.6015134	0.62	0.62
1742509802.6219332	0.62	0.62
1742509802.642297	0.62	0.62
1742509802.6628287	0.62	0.62
1742509802.687382	0.62	0.62
1742509802.7078977	0.62	0.62
1742509802.7284617	0.62	0.62
1742509802.748878	0.62	0.62
1742509802.7733502	0.62	0.62
1742509802.7939885	0.62	0.62
1742509802.8144243	0.62	0.62
1742509802.8350108	0.62	0.62
1742509802.8592386	0.62	0.62
1742509802.8799381	0.62	0.62
1742509802.9004247	0.62	0.62
1742509802.9208512	0.62	0.62
1742509802.9413257	0.62	0.62
1742509802.9658265	0.62	0.62
1742509802.9864273	0.62	0.62
1742509803.0070562	0.62	0.62
1742509803.0276523	0.62	0.62
1742509803.0518787	0.62	0.62
1742509803.0723987	0.62	0.62
1742509803.092883	0.62	0.62
1742509803.1134515	0.62	0.62
1742509803.1338391	0.62	0.62
1742509803.1583424	0.62	0.62
1742509803.1790245	0.62	0.62
1742509803.1994162	0.62	0.62
1742509803.2197483	0.62	0.62
1742509803.2442813	0.62	0.62
1742509803.264912	0.62	0.62
1742509803.2854154	0.62	0.62
1742509803.30586	0.62	0.62
1742509803.3263316	0.62	0.62
1742509803.3509238	0.62	0.62
1742509803.3713965	0.62	0.62
1742509803.3918924	0.62	0.62
1742509803.412481	0.62	0.62
1742509803.436797	0.62	0.62
1742509803.4574013	0.62	0.62
1742509803.4779096	0.62	0.62
1742509803.4983864	0.62	0.62
1742509803.5227365	0.62	0.62
1742509803.5434394	0.62	0.62
1742509803.5642107	0.62	0.62
1742509803.5844648	0.62	0.62
1742509803.604962	0.62	0.62
1742509803.6293845	0.62	0.62
1742509803.6499135	0.62	0.62
1742509803.6704175	0.62	0.62
1742509803.6908317	0.62	0.62
1742509803.715322	0.62	0.62
1742509803.7359285	0.62	0.62
1742509803.7564423	0.62	0.62
1742509803.776911	0.62	0.62
1742509803.7973764	0.62	0.62
1742509803.8218713	0.62	0.62
1742509803.8424292	0.62	0.62
1742509803.8628936	0.62	0.62
1742509803.8834074	0.62	0.62
1742509803.907865	0.62	0.62
1742509803.9284806	0.62	0.62
1742509803.9489636	0.62	0.62
1742509803.969393	0.62	0.62
1742509803.9899385	0.62	0.62
1742509804.0145013	0.62	0.62
1742509804.035258	0.62	0.62
1742509804.055782	0.62	0.62
1742509804.0759268	0.62	0.62
1742509804.1003575	0.62	0.62
1742509804.1209483	0.62	0.62
1742509804.1414413	0.0	0.0
1742509804.1658692	-13.32	-1.69
1742509804.1864984	-9.59	7.68
1742509804.2070246	-14.6	13.38
1742509804.2315822	-19.55	16.52
1742509804.252005	-20.83	5.39
1742509804.2766662	-18.87	-0.37
1742509804.2974303	-21.02	-2.14
1742509804.3179653	-22.15	-1.07
1742509804.342348	-21.87	3.7
1742509804.3629756	-20.67	9.75
1742509804.3831396	-17.68	1.22
1742509804.407781	-17.91	-0.02
1742509804.428405	-15.19	-1.37
1742509804.4525328	-15.98	2.93
1742509804.4732406	2.93	2.93
1742509804.4936578	2.93	2.93
1742509804.5141704	2.93	2.93
1742509804.5347111	2.93	2.93
1742509804.5592499	2.93	2.93
1742509804.579877	2.93	2.93
1742509804.6001894	2.93	2.93
1742509804.620731	2.93	2.93
1742509804.6451097	2.93	2.93
1742509804.6657355	2.93	2.93
1742509804.686102	2.93	2.93
1742509804.706628	2.93	2.93
1742509804.731027	2.93	2.93
1742509804.7518868	2.93	2.93
1742509804.7722752	2.93	2.93
1742509804.7927322	2.93	2.93
1742509804.8131437	2.93	2.93
1742509804.8378162	0.0	0.0
1742509804.8582933	0.0	0.0
1742509804.8826885	-15.49	4.6
1742509804.9033294	-12.34	5.04
1742509804.9238188	-14.74	5.69
1742509804.948347	-18.18	4.25
1742509804.9689374	-19.0	7.6
1742509804.9895425	-20.77	4.49
1742509805.014036	-23.19	4.14
1742509805.0344608	-23.59	4.72
1742509805.058873	-23.82	5.35
1742509805.0795405	-24.66	3.64
1742509805.0999565	-23.67	3.54
1742509805.1245084	-24.44	2.21
1742509805.1449726	-26.57	1.8
1742509805.1693823	-28.17	-5.03
1742509805.1899614	-20.71	3.67
1742509805.210557	-20.39	4.36
1742509805.2350192	-16.03	-1.24
1742509805.255584	-12.5	-1.06
1742509805.2760491	-11.56	-3.94
1742509805.3006701	-10.5	-2.01
1742509805.3211665	-14.58	5.41
1742509805.345587	-18.32	0.15
1742509805.3662512	-18.34	-1.41
1742509805.3868797	-24.99	-5.9
1742509805.4114325	-17.12	-1.6
1742509805.431809	-15.82	-0.89
1742509805.4521484	-19.61	4.71
1742509805.4768288	-22.43	1.89
1742509805.4972808	-20.37	0.13
1742509805.521773	-16.84	-1.09
1742509805.542387	-14.61	-3.06
1742509805.5627604	-19.57	-2.33
1742509805.5874116	-24.84	-2.66
1742509805.607859	-19.89	2.11
1742509805.6322703	-19.15	-0.12
1742509805.6529179	-20.04	-4.23
1742509805.6734116	-20.87	-4.25
1742509805.6977403	-23.68	-8.27
1742509805.718237	-17.79	3.92
1742509805.7387836	-18.85	7.06
1742509805.7633276	-19.0	3.44
1742509805.7838175	-15.95	2.45
1742509805.8082736	-14.79	2.56
1742509805.8288662	-12.66	-1.41
1742509805.8492768	-14.63	1.92
1742509805.8738654	-16.48	10.64
1742509805.8945775	-14.67	1.18
1742509805.918807	-12.67	0.1
1742509805.9395773	-14.92	1.58
1742509805.9600463	-21.05	-5.6
1742509805.984623	-21.4	-5.58
1742509806.0050974	-20.31	0.14
1742509806.025659	-21.16	-0.32
1742509806.0501583	-23.96	-5.85
1742509806.070659	-13.8	0.75
1742509806.0950444	-13.28	0.44
1742509806.1157758	-24.19	-2.49
1742509806.136202	-24.31	-0.56
1742509806.1607544	-22.13	1.63
1742509806.1812925	-21.79	0.11
1742509806.2016873	-17.96	2.04
1742509806.2262955	-18.66	-6.64
1742509806.2466905	-20.75	4.18
1742509806.2712417	-21.05	3.88
1742509806.2917788	-20.95	3.87
1742509806.3123617	-23.59	-0.95
1742509806.3369122	-23.63	2.78
1742509806.3573644	-21.5	2.78
1742509806.3819954	-28.82	0.28
1742509806.402354	-24.89	8.1
1742509806.4228194	-21.95	6.8
1742509806.4474301	-25.46	5.95
1742509806.467874	-33.76	-3.29
1742509806.4884055	-28.65	-0.29
1742509806.5131083	-23.02	5.18
1742509806.533805	-20.41	4.38
1742509806.5582209	-17.8	2.22
1742509806.5786486	-17.85	3.9
1742509806.599075	-17.05	5.04
1742509806.6236682	-16.28	3.02
1742509806.6440868	-14.26	3.47
1742509806.6687222	-14.85	2.96
1742509806.6893077	-18.05	3.59
1742509806.7096837	-18.95	4.11
1742509806.7342072	-18.27	3.08
1742509806.754944	-18.54	4.06
1742509806.7753997	-21.95	-2.79
1742509806.7997127	-20.58	0.13
1742509806.820212	-15.73	0.56
1742509806.8448772	-11.05	2.22
1742509806.865264	-3.21	-0.47
1742509806.8859446	-1.62	2.67
1742509806.9101813	-2.53	-0.6
1742509806.9306548	-3.79	-2.24
1742509806.9511118	2.14	0.78
1742509806.9758458	-0.59	2.76
1742509806.996353	-2.46	1.85
1742509807.0207462	-0.28	-0.98
1742509807.041411	3.44	-2.1
1742509807.0618644	-2.1	-2.1
1742509807.0823882	-2.1	-2.1
1742509807.106668	-2.1	-2.1
1742509807.1272273	-2.1	-2.1
1742509807.147721	-2.1	-2.1
1742509807.1681938	-2.1	-2.1
1742509807.1926312	-2.1	-2.1
1742509807.2132664	-2.1	-2.1
1742509807.2337267	-2.1	-2.1
1742509807.2542174	-2.1	-2.1
1742509807.2746654	-2.1	-2.1
1742509807.2992368	-2.1	-2.1
1742509807.3197799	-2.1	-2.1
1742509807.3403924	-2.1	-2.1
1742509807.360763	-2.1	-2.1
1742509807.385198	-2.1	-2.1
1742509807.4057496	-2.1	-2.1
1742509807.4262207	-2.1	-2.1
1742509807.4467564	-2.1	-2.1
1742509807.471162	-2.1	-2.1
1742509807.4917374	-2.1	-2.1
1742509807.5122695	-2.1	-2.1
1742509807.5327532	-2.1	-2.1
1742509807.553357	-2.1	-2.1
1742509807.57791	-2.1	-2.1
1742509807.598287	-2.1	-2.1
1742509807.6188936	-2.1	-2.1
1742509807.6394298	-2.1	-2.1
1742509807.663886	-2.1	-2.1
1742509807.684466	-2.1	-2.1
1742509807.7048976	-2.1	-2.1
1742509807.7254655	-2.1	-2.1
1742509807.7499049	-2.1	-2.1
1742509807.7704904	-2.1	-2.1
1742509807.790865	-2.1	-2.1
1742509807.8114307	-2.1	-2.1
1742509807.8318195	-2.1	-2.1
1742509807.8564477	-2.1	-2.1
1742509807.8770764	-2.1	-2.1
1742509807.897669	-2.1	-2.1
1742509807.9181893	-2.1	-2.1
1742509807.9425483	-2.1	-2.1
1742509807.9631433	-2.1	-2.1
1742509807.9837303	-2.1	-2.1
1742509808.0040557	-2.1	-2.1
1742509808.0283008	-2.1	-2.1
1742509808.0490491	-2.1	-2.1
1742509808.0694926	-2.1	-2.1
1742509808.0899415	-2.1	-2.1
1742509808.1104202	-2.1	-2.1
1742509808.135106	-2.1	-2.1
1742509808.1553314	-2.1	-2.1
1742509808.1757731	-2.1	-2.1
1742509808.1962597	-2.1	-2.1
1742509808.2209017	-2.1	-2.1
1742509808.241483	-2.1	-2.1
1742509808.262073	-2.1	-2.1
1742509808.2826865	-2.1	-2.1
1742509808.306883	-2.1	-2.1
1742509808.3275316	-2.1	-2.1
1742509808.3479939	-2.1	-2.1
1742509808.3684676	-2.1	-2.1
1742509808.3889437	-2.1	-2.1
1742509808.413481	-2.1	-2.1
1742509808.4339893	-2.1	-2.1
1742509808.4544709	-2.1	-2.1
1742509808.474954	-2.1	-2.1
1742509808.4994597	-2.1	-2.1
1742509808.5200021	-2.1	-2.1
1742509808.5404763	-2.1	-2.1
1742509808.560859	-2.1	-2.1
1742509808.5854309	-2.1	-2.1
1742509808.6060407	-2.1	-2.1
1742509808.6265256	-2.1	-2.1
1742509808.6469743	-2.1	-2.1
1742509808.6713474	-2.1	-2.1
1742509808.6919525	-2.1	-2.1
1742509808.7125428	-2.1	-2.1
1742509808.7329795	-2.1	-2.1
1742509808.7534776	-2.1	-2.1
1742509808.7781672	-2.1	-2.1
1742509808.7987123	-2.1	-2.1
1742509808.8190315	-2.1	-2.1
1742509808.8395112	-2.1	-2.1
1742509808.8638623	-2.1	-2.1
1742509808.884581	-2.1	-2.1
1742509808.9050727	-2.1	-2.1
1742509808.9255195	-2.1	-2.1
1742509808.9499264	-2.1	-2.1
1742509808.9705617	-2.1	-2.1
1742509808.9911482	-2.1	-2.1
1742509809.0115838	-2.1	-2.1
1742509809.0320926	-2.1	-2.1
1742509809.0565383	-2.1	-2.1
1742509809.0771303	-2.1	-2.1
1742509809.0975683	-2.1	-2.1
1742509809.118016	-2.1	-2.1
1742509809.1425087	-2.1	-2.1
1742509809.1630924	-2.1	-2.1
1742509809.18356	-2.1	-2.1
1742509809.2039032	-2.1	-2.1
1742509809.2285008	-2.1	-2.1
1742509809.2490604	-2.1	-2.1
1742509809.269512	-2.1	-2.1
1742509809.290051	-2.1	-2.1
1742509809.3105123	-2.1	-2.1
1742509809.3350787	-2.1	-2.1
1742509809.3557703	-2.1	-2.1
1742509809.3761432	-2.1	-2.1
1742509809.3965464	-2.1	-2.1
1742509809.421036	-2.1	-2.1
1742509809.4416318	-2.1	-2.1
1742509809.462122	-2.1	-2.1
1742509809.4826877	-2.1	-2.1
1742509809.5069263	-2.1	-2.1
1742509809.5276363	-2.1	-2.1
1742509809.5480871	-2.1	-2.1
1742509809.5686245	-2.1	-2.1
1742509809.5890796	-2.1	-2.1
1742509809.6135888	-2.1	-2.1
1742509809.6341417	-2.1	-2.1
1742509809.6545107	-2.1	-2.1
1742509809.67511	-2.1	-2.1
1742509809.6995416	-2.1	-2.1
1742509809.7201405	-2.1	-2.1
1742509809.740653	-2.1	-2.1
1742509809.7611108	-2.1	-2.1
1742509809.785485	-2.1	-2.1
1742509809.8060877	-2.1	-2.1
1742509809.8266451	-2.1	-2.1
1742509809.8470507	-2.1	-2.1
1742509809.86758	-2.1	-2.1
1742509809.892329	-2.1	-2.1
1742509809.9126878	-2.1	-2.1
1742509809.9332178	-2.1	-2.1
1742509809.953759	-2.1	-2.1
1742509809.978097	-2.1	-2.1
1742509809.9987297	-2.1	-2.1
1742509810.0192037	-2.1	-2.1
1742509810.039678	-2.1	-2.1
1742509810.0642672	-2.1	-2.1
1742509810.0848606	-2.1	-2.1
1742509810.1052403	-2.1	-2.1
1742509810.1257093	-2.1	-2.1
1742509810.1460822	-2.1	-2.1
1742509810.1706626	-2.1	-2.1
1742509810.1911588	-2.1	-2.1
1742509810.211743	-2.1	-2.1
1742509810.232209	-2.1	-2.1
1742509810.2566469	-2.1	-2.1
1742509810.2771723	-2.1	-2.1
1742509810.2976975	-2.1	-2.1
1742509810.3181748	-2.1	-2.1
1742509810.342527	-2.1	-2.1
1742509810.363067	-2.1	-2.1
1742509810.3837013	-2.1	-2.1
1742509810.404171	-2.1	-2.1
1742509810.424646	-2.1	-2.1
1742509810.4492035	-2.1	-2.1
1742509810.4696443	-2.1	-2.1
1742509810.4902349	-2.1	-2.1
1742509810.5106738	-2.1	-2.1
1742509810.5351186	-2.1	-2.1
1742509810.5556762	-2.1	-2.1
1742509810.576077	-2.1	-2.1
1742509810.5965235	-2.1	-2.1
1742509810.6209283	-2.1	-2.1
1742509810.6416981	-2.1	-2.1
1742509810.6621737	-2.1	-2.1
1742509810.6825604	-2.1	-2.1
1742509810.7031171	-2.1	-2.1
1742509810.7276926	-2.1	-2.1
1742509810.7481804	-2.1	-2.1
1742509810.7686791	-2.1	-2.1
1742509810.7891798	-2.1	-2.1
1742509810.813683	-2.1	-2.1
1742509810.8341942	-2.1	-2.1
1742509810.8547041	-2.1	-2.1
1742509810.875101	-2.1	-2.1
1742509810.8995898	-2.1	-2.1
1742509810.9202118	-2.1	-2.1
1742509810.9407403	-2.1	-2.1
1742509810.9611752	-2.1	-2.1
1742509810.9816704	-2.1	-2.1
1742509811.006162	-2.1	-2.1
1742509811.0267322	-2.1	-2.1
1742509811.047136	-2.1	-2.1
1742509811.0676074	-2.1	-2.1
1742509811.0921504	-2.1	-2.1
1742509811.1127605	-2.1	-2.1
1742509811.133226	-2.1	-2.1
1742509811.1537669	-2.1	-2.1
1742509811.178176	-2.1	-2.1
1742509811.198871	-2.1	-2.1
1742509811.2192574	-2.1	-2.1
1742509811.2398605	-2.1	-2.1
1742509811.2603126	-2.1	-2.1
1742509811.2847688	-2.1	-2.1
1742509811.3053353	-2.1	-2.1
1742509811.3258626	-2.1	-2.1
1742509811.3463385	-2.1	-2.1
1742509811.3707037	-2.1	-2.1
1742509811.3911095	-2.1	-2.1
1742509811.4117432	-2.1	-2.1
1742509811.4323435	-2.1	-2.1
1742509811.4567664	-2.1	-2.1
1742509811.4773817	-2.1	-2.1
1742509811.497851	-2.1	-2.1
1742509811.518338	-2.1	-2.1
1742509811.542703	-2.1	-2.1
1742509811.5633905	-2.1	-2.1
1742509811.5839074	-2.1	-2.1
1742509811.6043098	-2.1	-2.1
1742509811.6248548	-2.1	-2.1
1742509811.6491992	-2.1	-2.1
1742509811.669728	-2.1	-2.1
1742509811.6901755	0.0	0.0
1742509811.7148557	-9.73	2.58
1742509811.735467	-4.3	-7.5
1742509811.7557943	-5.25	2.3
1742509811.7802763	-4.56	3.11
1742509811.8007808	0.85	-0.74
1742509811.821345	-0.74	-0.74
1742509811.845823	0.0	0.0
1742509811.8663588	0.0	0.0
1742509811.886814	0.0	0.0
1742509811.9071054	0.0	0.0
1742509811.9276292	0.0	0.0
1742509811.9522293	0.0	0.0
1742509811.9727979	0.0	0.0
1742509811.9933062	0.0	0.0
1742509812.0138004	0.0	0.0
1742509812.0342507	0.0	0.0
1742509812.0587912	0.0	0.0
1742509812.0792322	0.0	0.0
1742509812.0996764	0.0	0.0
1742509812.1200883	0.0	0.0
1742509812.140734	0.0	0.0
1742509812.1651568	0.0	0.0
1742509812.1858091	0.0	0.0
1742509812.206334	0.0	0.0
1742509812.2268033	0.0	0.0
1742509812.2472525	0.0	0.0
1742509812.271651	0.0	0.0
1742509812.2921147	0.0	0.0
1742509812.3126657	0.0	0.0
1742509812.3332303	0.0	0.0
1742509812.353768	0.0	0.0
1742509812.3783095	0.0	0.0
1742509812.398814	0.0	0.0
1742509812.4192965	0.0	0.0
1742509812.4396775	0.0	0.0
1742509812.4639971	0.0	0.0
1742509812.484636	0.0	0.0
1742509812.5050893	0.0	0.0
1742509812.525614	0.0	0.0
1742509812.5462408	0.0	0.0
1742509812.5707388	0.0	0.0
1742509812.5913072	0.0	0.0
1742509812.611806	0.0	0.0
1742509812.6322489	0.0	0.0
1742509812.652825	0.0	0.0
1742509812.6773074	0.0	0.0
1742509812.6978183	0.0	0.0
1742509812.7183282	0.0	0.0
1742509812.7387803	0.0	0.0
1742509812.7592442	0.0	0.0
1742509812.7838094	0.0	0.0
1742509812.804402	0.0	0.0
1742509812.8248863	0.0	0.0
1742509812.8454292	0.0	0.0
1742509812.865765	0.0	0.0
1742509812.8901708	0.0	0.0
1742509812.910704	0.0	0.0
1742509812.931423	0.0	0.0
1742509812.951806	0.0	0.0
1742509812.9723878	0.0	0.0
1742509812.9967973	0.0	0.0
1742509813.0174036	0.0	0.0
1742509813.0379126	0.0	0.0
1742509813.0581944	0.0	0.0
1742509813.0787883	0.0	0.0
1742509813.1031296	0.0	0.0
1742509813.123689	0.0	0.0
1742509813.1442366	0.0	0.0
1742509813.164708	0.0	0.0
1742509813.185256	0.0	0.0
1742509813.2096827	0.0	0.0
1742509813.230256	0.0	0.0
1742509813.2507432	0.0	0.0
1742509813.2712345	0.0	0.0
1742509813.2955375	0.0	0.0
1742509813.3162522	-27.82	7.5
1742509813.336741	0.74	9.48
1742509813.3612478	-0.92	21.29
1742509813.3818412	21.29	21.29
1742509813.4022682	21.29	21.29
1742509813.4227877	21.29	21.29
1742509813.4472618	21.29	21.29
1742509813.4677968	21.29	21.29
1742509813.4883497	21.29	21.29
1742509813.5087483	21.29	21.29
1742509813.533292	21.29	21.29
1742509813.5538437	21.29	21.29
1742509813.5743268	21.29	21.29
1742509813.5948184	21.29	21.29
1742509813.6193445	0.0	0.0
1742509813.639962	0.0	0.0
1742509813.6602988	0.0	0.0
1742509813.6808105	0.0	0.0
1742509813.7051702	0.0	0.0
1742509813.725892	0.0	0.0
1742509813.7463472	0.0	0.0
1742509813.767106	0.0	0.0
1742509813.7875116	0.0	0.0
1742509813.8119972	0.0	0.0
1742509813.8326778	0.0	0.0
1742509813.852956	0.0	0.0
1742509813.8734667	0.0	0.0
1742509813.898076	-0.83	-48.29
1742509813.9185505	-22.95	-8.59
1742509813.9430182	-11.02	-4.4
1742509813.9636662	10.01	-5.04
1742509813.984084	16.24	-1.53
1742509814.0086691	-1.3	2.67
1742509814.0291204	-13.05	9.13
1742509814.0533671	-26.56	-22.63
1742509814.0739408	-22.63	-22.63
1742509814.0946448	-22.63	-22.63
1742509814.1152604	-22.63	-22.63
1742509814.1395707	-22.63	-22.63
1742509814.1600604	-22.63	-22.63
1742509814.180543	-22.63	-22.63
1742509814.2009914	-22.63	-22.63
1742509814.2254214	-22.63	-22.63
1742509814.2460308	-22.63	-22.63
1742509814.2665715	-22.63	-22.63
1742509814.286964	-22.63	-22.63
1742509814.3113756	-22.63	-22.63
1742509814.3320873	-22.63	-22.63
1742509814.3526154	-22.63	-22.63
1742509814.3730545	-22.63	-22.63
1742509814.3974075	-22.63	-22.63
1742509814.4180024	-22.63	-22.63
1742509814.4385662	-22.63	-22.63
1742509814.45889	-22.63	-22.63
1742509814.483415	-22.63	-22.63
1742509814.5040102	-22.63	-22.63
1742509814.524424	-22.63	-22.63
1742509814.5450392	-22.63	-22.63
1742509814.5696104	-22.63	-22.63
1742509814.5901396	-22.63	-22.63
1742509814.6105454	-22.63	-22.63
1742509814.6309795	-22.63	-22.63
1742509814.6556196	-22.63	-22.63
1742509814.6761107	-22.63	-22.63
1742509814.6967936	-22.63	-22.63
1742509814.721073	-22.63	-22.63
1742509814.741728	-22.63	-22.63
1742509814.7622313	-22.63	-22.63
1742509814.7827427	-22.63	-22.63
1742509814.80708	-22.63	-22.63
1742509814.8278139	-22.63	-22.63
1742509814.8480003	-22.63	-22.63
1742509814.8685384	-22.63	-22.63
1742509814.8929572	-22.63	-22.63
1742509814.913607	-22.63	-22.63
1742509814.9339979	-22.63	-22.63
1742509814.9545236	-22.63	-22.63
1742509814.978987	-22.63	-22.63
1742509814.999857	-22.63	-22.63
1742509815.0202777	-22.63	-22.63
1742509815.040907	-22.63	-22.63
1742509815.065328	-22.63	-22.63
1742509815.0859594	-22.63	-22.63
1742509815.1064265	-22.63	-22.63
1742509815.126908	-22.63	-22.63
1742509815.1512768	-22.63	-22.63
1742509815.1719575	-22.63	-22.63
1742509815.1924005	-22.63	-22.63
1742509815.2129412	-22.63	-22.63
1742509815.2374065	-22.63	-22.63
1742509815.2578602	-22.63	-22.63
1742509815.2782762	-22.63	-22.63
1742509815.2988634	-22.63	-22.63
1742509815.3234441	-22.63	-22.63
1742509815.344008	-22.63	-22.63
1742509815.3643832	-22.63	-22.63
1742509815.384835	-22.63	-22.63
1742509815.4092085	-22.63	-22.63
1742509815.4298267	-22.63	-22.63
1742509815.450289	-22.63	-22.63
1742509815.4707828	-22.63	-22.63
1742509815.4952793	-22.63	-22.63
1742509815.5158205	-22.63	-22.63
1742509815.5362365	-22.63	-22.63
1742509815.5607066	-22.63	-22.63
1742509815.581356	-22.63	-22.63
1742509815.6018374	-22.63	-22.63
1742509815.6223032	-22.63	-22.63
1742509815.6467109	-22.63	-22.63
1742509815.667382	-22.63	-22.63
1742509815.6878505	-22.63	-22.63
1742509815.7082188	-22.63	-22.63
1742509815.7327485	-22.63	-22.63
1742509815.7533948	-22.63	-22.63
1742509815.773804	-22.63	-22.63
1742509815.7943425	-22.63	-22.63
1742509815.8186176	-22.63	-22.63
1742509815.839538	-22.63	-22.63
1742509815.859885	-22.63	-22.63
1742509815.880681	-22.63	-22.63
1742509815.9050214	-22.63	-22.63
1742509815.9255648	-22.63	-22.63
1742509815.9459817	-22.63	-22.63
1742509815.9667106	-22.63	-22.63
1742509815.9910982	-22.63	-22.63
1742509816.0115619	-22.63	-22.63
1742509816.032046	-22.63	-22.63
1742509816.0526156	-22.63	-22.63
1742509816.0771308	-22.63	-22.63
1742509816.09768	-22.63	-22.63
1742509816.1182263	-22.63	-22.63
1742509816.1387064	-22.63	-22.63
1742509816.1630437	-22.63	-22.63
1742509816.1835432	-22.63	-22.63
1742509816.2040672	-22.63	-22.63
1742509816.2245445	-22.63	-22.63
1742509816.2490308	-22.63	-22.63
1742509816.2696292	-22.63	-22.63
1742509816.2900949	-22.63	-22.63
1742509816.3142893	-22.63	-22.63
1742509816.3350523	-22.63	-22.63
1742509816.3555424	-22.63	-22.63
1742509816.3760414	-22.63	-22.63
1742509816.4003534	-22.63	-22.63
1742509816.4210792	-22.63	-22.63
1742509816.441622	-22.63	-22.63
1742509816.462002	-22.63	-22.63
1742509816.4864743	-22.63	-22.63
1742509816.506895	-22.63	-22.63
1742509816.5274458	-22.63	-22.63
1742509816.5478742	-22.63	-22.63
1742509816.572413	-22.63	-22.63
1742509816.5929503	-22.63	-22.63
1742509816.6133683	-22.63	-22.63
1742509816.6338673	-22.63	-22.63
1742509816.6583185	-22.63	-22.63
1742509816.6788838	-22.63	-22.63
1742509816.6995716	-22.63	-22.63
1742509816.7201314	-22.63	-22.63
1742509816.744624	-22.63	-22.63
1742509816.765094	-22.63	-22.63
1742509816.7857592	-22.63	-22.63
1742509816.806122	-22.63	-22.63
1742509816.8306499	-22.63	-22.63
1742509816.851058	-22.63	-22.63
1742509816.871461	-22.63	-22.63
1742509816.8920596	-22.63	-22.63
1742509816.9164753	-22.63	-22.63
1742509816.9370337	-22.63	-22.63
1742509816.9576838	-22.63	-22.63
1742509816.9780414	-22.63	-22.63
1742509817.0024571	-22.63	-22.63
1742509817.0232017	-22.63	-22.63
1742509817.0437374	-22.63	-22.63
1742509817.0641716	-22.63	-22.63
1742509817.0887272	-22.63	-22.63
1742509817.109279	-22.63	-22.63
1742509817.1298826	-22.63	-22.63
1742509817.1539402	-22.63	-22.63
1742509817.1745136	-22.63	-22.63
1742509817.1951568	-22.63	-22.63
1742509817.2156734	-22.63	-22.63
1742509817.2399771	-22.63	-22.63
1742509817.2607484	-22.63	-22.63
1742509817.2811565	-22.63	-22.63
1742509817.3017137	-22.63	-22.63
1742509817.3260608	-22.63	-22.63
1742509817.3466575	-22.63	-22.63
1742509817.3671353	-22.63	-22.63
1742509817.3877258	-22.63	-22.63
1742509817.412063	-22.63	-22.63
1742509817.4327667	-22.63	-22.63
1742509817.4531848	-22.63	-22.63
1742509817.473731	-22.63	-22.63
1742509817.4981406	-22.63	-22.63
1742509817.5188172	-22.63	-22.63
1742509817.5394194	-22.63	-22.63
1742509817.55975	-22.63	-22.63
1742509817.5842686	-22.63	-22.63
1742509817.604933	-22.63	-22.63
1742509817.6253512	-22.63	-22.63
1742509817.6457853	-22.63	-22.63
1742509817.6701362	-22.63	-22.63
1742509817.6906488	-22.63	-22.63
1742509817.7112765	-22.63	-22.63
1742509817.73195	-22.63	-22.63
1742509817.7562532	-22.63	-22.63
1742509817.7768362	-22.63	-22.63
1742509817.7971294	-22.63	-22.63
1742509817.8216782	-22.63	-22.63
1742509817.842313	-22.63	-22.63
1742509817.862803	-22.63	-22.63
1742509817.8832936	-22.63	-22.63
1742509817.907728	-22.63	-22.63
1742509817.9282925	-22.63	-22.63
1742509817.9488425	-22.63	-22.63
1742509817.9692984	-22.63	-22.63
1742509817.9937458	-22.63	-22.63
1742509818.0143287	-22.63	-22.63
1742509818.0350142	-22.63	-22.63
1742509818.0554578	-22.63	-22.63
1742509818.0799031	-22.63	-22.63
1742509818.1002958	-22.63	-22.63
1742509818.1208527	-22.63	-22.63
1742509818.1412818	-22.63	-22.63
1742509818.1657946	-22.63	-22.63
1742509818.1865265	-22.63	-22.63
1742509818.2070334	-22.63	-22.63
1742509818.227503	-22.63	-22.63
1742509818.2519228	-22.63	-22.63
1742509818.2725632	-22.63	-22.63
1742509818.2929356	-22.63	-22.63
1742509818.3135557	-22.63	-22.63
1742509818.3378274	-22.63	-22.63
1742509818.3583844	-22.63	-22.63
1742509818.3788903	-22.63	-22.63
1742509818.3993535	-22.63	-22.63
1742509818.423667	-22.63	-22.63
1742509818.4442198	-22.63	-22.63
1742509818.4647465	-22.63	-22.63
1742509818.4851985	-22.63	-22.63
1742509818.509756	-22.63	-22.63
1742509818.530254	-22.63	-22.63
1742509818.5507462	-22.63	-22.63
1742509818.575089	-22.63	-22.63
1742509818.5959294	-22.63	-22.63
1742509818.6164217	-22.63	-22.63
1742509818.6369417	-22.63	-22.63
1742509818.6611273	-22.63	-22.63
1742509818.682021	-22.63	-22.63
1742509818.7023904	-22.63	-22.63
1742509818.722949	-22.63	-22.63
1742509818.7473948	-22.63	-22.63
1742509818.7680047	-22.63	-22.63
1742509818.7884774	-22.63	-22.63
1742509818.8089626	-22.63	-22.63
1742509818.8333564	-22.63	-22.63
1742509818.8539224	-22.63	-22.63
1742509818.8746219	-22.63	-22.63
1742509818.8951933	-22.63	-22.63
1742509818.9192944	-22.63	-22.63
1742509818.940001	-22.63	-22.63
1742509818.960544	-22.63	-22.63
1742509818.980972	-22.63	-22.63
1742509819.0053372	-22.63	-22.63
1742509819.025968	-22.63	-22.63
1742509819.0466473	-22.63	-22.63
1742509819.0670803	-22.63	-22.63
1742509819.0914798	-22.63	-22.63
1742509819.112053	-22.63	-22.63
1742509819.1325505	-22.63	-22.63
1742509819.1528738	-22.63	-22.63
1742509819.1776676	-22.63	-22.63
1742509819.1980362	-22.63	-22.63
1742509819.2185392	-22.63	-22.63
1742509819.238997	-22.63	-22.63
1742509819.2635334	-22.63	-22.63
1742509819.2840455	-22.63	-22.63
1742509819.3045392	-22.63	-22.63
1742509819.3250105	-22.63	-22.63
1742509819.3495533	-22.63	-22.63
1742509819.3700702	-22.63	-22.63
1742509819.3905692	-22.63	-22.63
1742509819.4148602	-22.63	-22.63
1742509819.435555	-22.63	-22.63
1742509819.456033	-22.63	-22.63
1742509819.4766147	-22.63	-22.63
1742509819.5009239	-22.63	-22.63
1742509819.521616	-22.63	-22.63
1742509819.5420926	-22.63	-22.63
1742509819.5628073	-22.63	-22.63
1742509819.5869873	-22.63	-22.63
1742509819.6076708	-22.63	-22.63
1742509819.6281073	-22.63	-22.63
1742509819.6486285	-22.63	-22.63
1742509819.6730235	-22.63	-22.63
1742509819.6936793	-22.63	-22.63
1742509819.7140224	-22.63	-22.63
1742509819.7346253	-22.63	-22.63
1742509819.7590377	-22.63	-22.63
1742509819.7796903	-22.63	-22.63
1742509819.800132	-22.63	-22.63
1742509819.8206468	-22.63	-22.63
1742509819.8451562	-22.63	-22.63
1742509819.8661327	-22.63	-22.63
1742509819.8861454	-22.63	-22.63
1742509819.9068043	-22.63	-22.63
1742509819.9312596	-22.63	-22.63
1742509819.9517682	-22.63	-22.63
1742509819.9719656	-22.63	-22.63
1742509819.9926863	-22.63	-22.63
1742509820.0171988	-22.63	-22.63
1742509820.0379088	-22.63	-22.63
1742509820.0580895	-22.63	-22.63
1742509820.082569	-22.63	-22.63
1742509820.103041	-22.63	-22.63
1742509820.1236184	-22.63	-22.63
1742509820.1440911	-22.63	-22.63
1742509820.168511	-22.63	-22.63
1742509820.18913	-22.63	-22.63
1742509820.2098193	-22.63	-22.63
1742509820.2301662	-22.63	-22.63
1742509820.2546854	-22.63	-22.63
1742509820.2752686	-22.63	-22.63
1742509820.2958467	-22.63	-22.63
1742509820.3164115	-22.63	-22.63
1742509820.3408654	-22.63	-22.63
1742509820.3612866	-22.63	-22.63
1742509820.3817008	-22.63	-22.63
1742509820.4021602	-22.63	-22.63
1742509820.4266539	-22.63	-22.63
1742509820.4473093	-22.63	-22.63
1742509820.4678335	-22.63	-22.63
1742509820.4882696	-22.63	-22.63
1742509820.5127478	-22.63	-22.63
1742509820.5332532	-22.63	-22.63
1742509820.5538225	-22.63	-22.63
1742509820.5742333	-22.63	-22.63
1742509820.5986373	-22.63	-22.63
1742509820.6193278	-22.63	-22.63
1742509820.6398358	-22.63	-22.63
1742509820.6603029	-22.63	-22.63
1742509820.6847565	-22.63	-22.63
1742509820.705276	-22.63	-22.63
1742509820.726061	-22.63	-22.63
1742509820.7462046	-22.63	-22.63
1742509820.7706716	-22.63	-22.63
1742509820.7913628	-22.63	-22.63
1742509820.8118637	-22.63	-22.63
1742509820.8323312	-22.63	-22.63
1742509820.8567932	-22.63	-22.63
1742509820.8773499	-22.63	-22.63
1742509820.8979075	-22.63	-22.63
1742509820.922293	-22.63	-22.63
1742509820.942938	-22.63	-22.63
1742509820.9633687	-22.63	-22.63
1742509820.983855	-22.63	-22.63
1742509821.0082493	-22.63	-22.63
1742509821.028877	-22.63	-22.63
1742509821.0494862	-22.63	-22.63
1742509821.0701041	-22.63	-22.63
1742509821.0944717	-22.63	-22.63
1742509821.114976	-22.63	-22.63
1742509821.135435	-22.63	-22.63
1742509821.15585	-22.63	-22.63
1742509821.1802816	-22.63	-22.63
1742509821.2009547	-22.63	-22.63
1742509821.2214732	-22.63	-22.63
1742509821.2420356	-22.63	-22.63
1742509821.2664526	-22.63	-22.63
1742509821.2870061	-22.63	-22.63
1742509821.3075411	-22.63	-22.63
1742509821.3280637	-22.63	-22.63
1742509821.352471	-22.63	-22.63
1742509821.3731272	-22.63	-22.63
1742509821.3936393	-22.63	-22.63
1742509821.4141202	-22.63	-22.63
1742509821.4386144	-22.63	-22.63
1742509821.459066	-22.63	-22.63
1742509821.4795399	-22.63	-22.63
1742509821.5000079	-22.63	-22.63
1742509821.5245783	-22.63	-22.63
1742509821.5449882	-22.63	-22.63
1742509821.5656574	-22.63	-22.63
1742509821.586109	-22.63	-22.63
1742509821.610673	-22.63	-22.63
1742509821.6309466	-22.63	-22.63
1742509821.6516545	-22.63	-22.63
1742509821.6757934	-22.63	-22.63
1742509821.6965163	-22.63	-22.63
1742509821.7170362	-22.63	-22.63
1742509821.7376893	-22.63	-22.63
1742509821.761942	-22.63	-22.63
1742509821.783039	-22.63	-22.63
1742509821.8029442	-22.63	-22.63
1742509821.8236947	-22.63	-22.63
1742509821.848141	-22.63	-22.63
1742509821.8688054	-22.63	-22.63
1742509821.88902	-22.63	-22.63
1742509821.9094644	-22.63	-22.63
1742509821.933867	-22.63	-22.63
1742509821.9544487	-22.63	-22.63
1742509821.9750638	-22.63	-22.63
1742509821.9954445	-22.63	-22.63
1742509822.019986	-22.63	-22.63
1742509822.040664	-22.63	-22.63
1742509822.061177	-22.63	-22.63
1742509822.0816147	-22.63	-22.63
1742509822.1062183	-22.63	-22.63
1742509822.1268601	-22.63	-22.63
1742509822.147314	-22.63	-22.63
1742509822.1678388	-22.63	-22.63
1742509822.192149	-22.63	-22.63
1742509822.2128568	-22.63	-22.63
1742509822.233314	-22.63	-22.63
1742509822.2536883	-22.63	-22.63
1742509822.278035	-22.63	-22.63
1742509822.2986734	-22.63	-22.63
1742509822.319149	-22.63	-22.63
1742509822.3396482	-22.63	-22.63
1742509822.3642745	-22.63	-22.63
1742509822.384864	-22.63	-22.63
1742509822.4052618	-22.63	-22.63
1742509822.4257886	-22.63	-22.63
1742509822.450278	-22.63	-22.63
1742509822.4708626	-22.63	-22.63
1742509822.4912179	-22.63	-22.63
1742509822.5155256	-22.63	-22.63
1742509822.5359726	-22.63	-22.63
1742509822.5567038	-22.63	-22.63
1742509822.5770712	-22.63	-22.63
1742509822.6016655	-22.63	-22.63
1742509822.6221488	-22.63	-22.63
1742509822.6426942	-22.63	-22.63
1742509822.6630158	-22.63	-22.63
1742509822.6874197	-22.63	-22.63
1742509822.7080364	-22.63	-22.63
1742509822.7285333	-22.63	-22.63
1742509822.748973	-22.63	-22.63
1742509822.773484	-22.63	-22.63
1742509822.7940626	-22.63	-22.63
1742509822.814553	-22.63	-22.63
1742509822.8349726	-22.63	-22.63
1742509822.8594995	-22.63	-22.63
1742509822.8800948	-22.63	-22.63
1742509822.9005601	-22.63	-22.63
1742509822.9210744	-22.63	-22.63
1742509822.94555	-22.63	-22.63
1742509822.9660676	-22.63	-22.63
1742509822.986582	-22.63	-22.63
1742509823.0070562	-22.63	-22.63
1742509823.0315635	-22.63	-22.63
1742509823.0522156	-22.63	-22.63
1742509823.0726311	-22.63	-22.63
1742509823.0930216	-22.63	-22.63
1742509823.117588	-22.63	-22.63
1742509823.1380825	-22.63	-22.63
1742509823.1586542	-22.63	-22.63
1742509823.183021	-22.63	-22.63
1742509823.2037334	-22.63	-22.63
1742509823.2241821	-22.63	-22.63
1742509823.2448606	-22.63	-22.63
1742509823.2691789	-22.63	-22.63
1742509823.2898343	-22.63	-22.63
1742509823.3103344	-22.63	-22.63
1742509823.3308408	-22.63	-22.63
1742509823.355235	-22.63	-22.63
1742509823.3758786	-22.63	-22.63
1742509823.3962274	-22.63	-22.63
1742509823.4168787	-22.63	-22.63
1742509823.4412618	-22.63	-22.63
1742509823.4618866	-22.63	-22.63
1742509823.4823778	-22.63	-22.63
1742509823.5028317	-22.63	-22.63
1742509823.5272417	-22.63	-22.63
1742509823.547919	-22.63	-22.63
1742509823.5684268	-22.63	-22.63
1742509823.588884	-22.63	-22.63
1742509823.6131897	-22.63	-22.63
1742509823.633776	-22.63	-22.63
1742509823.6542847	-22.63	-22.63
1742509823.6747484	-22.63	-22.63
1742509823.6993253	-22.63	-22.63
1742509823.7198427	-22.63	-22.63
1742509823.740327	-22.63	-22.63
1742509823.7607558	-22.63	-22.63
1742509823.7852976	-22.63	-22.63
1742509823.8057473	-22.63	-22.63
1742509823.8263896	-22.63	-22.63
1742509823.8469446	-22.63	-22.63
1742509823.871477	-22.63	-22.63
1742509823.8919048	-22.63	-22.63
1742509823.9124856	-22.63	-22.63
1742509823.9329643	-22.63	-22.63
1742509823.957432	-22.63	-22.63
1742509823.9779458	-22.63	-22.63
1742509823.9984305	-22.63	-22.63
1742509824.0227537	-22.63	-22.63
1742509824.0433877	-22.63	-22.63
1742509824.0639548	-22.63	-22.63
1742509824.084385	-22.63	-22.63
1742509824.1087742	-22.63	-22.63
1742509824.1294777	-22.63	-22.63
1742509824.1499374	-22.63	-22.63
1742509824.1704264	-22.63	-22.63
1742509824.1948009	-22.63	-22.63
1742509824.2154133	-22.63	-22.63
1742509824.2359886	-22.63	-22.63
1742509824.256487	-22.63	-22.63
1742509824.2808447	-22.63	-22.63
1742509824.3014338	-22.63	-22.63
1742509824.3220117	-22.63	-22.63
1742509824.3425188	-22.63	-22.63
1742509824.3669837	-22.63	-22.63
1742509824.3880067	-22.63	-22.63
1742509824.4080548	-22.63	-22.63
1742509824.4286404	-22.63	-22.63
1742509824.4529433	-22.63	-22.63
1742509824.473674	-22.63	-22.63
1742509824.494042	-22.63	-22.63
1742509824.514518	-22.63	-22.63
1742509824.5389905	-22.63	-22.63
1742509824.5595667	-22.63	-22.63
1742509824.5800824	-22.63	-22.63
1742509824.6006668	-22.63	-22.63
1742509824.6250129	-22.63	-22.63
1742509824.6456583	-22.63	-22.63
1742509824.6660657	-22.63	-22.63
1742509824.6865716	-22.63	-22.63
1742509824.711093	-22.63	-22.63
1742509824.731646	-22.63	-22.63
1742509824.7521148	-22.63	-22.63
1742509824.7766519	-22.63	-22.63
1742509824.7973576	-22.63	-22.63
1742509824.8178258	-22.63	-22.63
1742509824.8382638	-22.63	-22.63
1742509824.8626485	-22.63	-22.63
1742509824.8832655	-22.63	-22.63
1742509824.9036753	-22.63	-22.63
1742509824.9241462	-22.63	-22.63
1742509824.9486358	-22.63	-22.63
1742509824.9691787	-22.63	-22.63
1742509824.9898062	-22.63	-22.63
1742509825.0101607	-22.63	-22.63
1742509825.0345006	-22.63	-22.63
1742509825.055208	-22.63	-22.63
1742509825.0758286	-22.63	-22.63
1742509825.0961497	-22.63	-22.63
1742509825.1205292	-22.63	-22.63
1742509825.1412315	-22.63	-22.63
1742509825.1616633	-22.63	-22.63
1742509825.1822443	-22.63	-22.63
1742509825.206726	-22.63	-22.63
1742509825.2272651	-22.63	-22.63
1742509825.2477345	-22.63	-22.63
1742509825.2682445	-22.63	-22.63
1742509825.2927074	-22.63	-22.63
1742509825.3132355	-22.63	-22.63
1742509825.3337028	-22.63	-22.63
1742509825.354196	-22.63	-22.63
1742509825.3787596	-22.63	-22.63
1742509825.3992243	-22.63	-22.63
1742509825.419756	-22.63	-22.63
1742509825.4403248	-22.63	-22.63
1742509825.4649427	-22.63	-22.63
1742509825.4852335	-22.63	-22.63
1742509825.5057065	-22.63	-22.63
1742509825.530046	-22.63	-22.63
1742509825.550774	-22.63	-22.63
1742509825.5712495	-22.63	-22.63
1742509825.5917819	-22.63	-22.63
1742509825.6161313	-22.63	-22.63
1742509825.636833	-22.63	-22.63
1742509825.6573253	-22.63	-22.63
1742509825.6778133	-22.63	-22.63
1742509825.702201	-22.63	-22.63
1742509825.7228565	-22.63	-22.63
1742509825.743472	-22.63	-22.63
1742509825.7638142	-22.63	-22.63
1742509825.7881985	-22.63	-22.63
1742509825.8088753	-22.63	-22.63
1742509825.829334	-22.63	-22.63
1742509825.8498871	-22.63	-22.63
1742509825.8742256	-22.63	-22.63
1742509825.8948238	-22.63	-22.63
1742509825.9154792	-22.63	-22.63
1742509825.9359152	-22.63	-22.63
1742509825.9602842	-22.63	-22.63
1742509825.9808788	-22.63	-22.63
1742509826.0013535	-22.63	-22.63
1742509826.0219638	-22.63	-22.63
1742509826.0463266	-22.63	-22.63
1742509826.066877	-22.63	-22.63
1742509826.0875683	-22.63	-22.63
1742509826.1078084	-22.63	-22.63
1742509826.1323397	-22.63	-22.63
1742509826.1527936	-22.63	-22.63
1742509826.1733773	-22.63	-22.63
1742509826.1938913	-22.63	-22.63
1742509826.218338	-22.63	-22.63
1742509826.2388842	-22.63	-22.63
1742509826.2594304	-22.63	-22.63
1742509826.279922	-22.63	-22.63
1742509826.3046467	-22.63	-22.63
1742509826.3251503	-22.63	-22.63
1742509826.3454497	-22.63	-22.63
1742509826.3697472	-22.63	-22.63
1742509826.3904538	-22.63	-22.63
1742509826.4111748	-22.63	-22.63
1742509826.4316876	-22.63	-22.63
1742509826.4557521	-22.63	-22.63
1742509826.476362	-22.63	-22.63
1742509826.497121	-22.63	-22.63
1742509826.5176601	-22.63	-22.63
1742509826.5420341	-22.63	-22.63
1742509826.5625274	-22.63	-22.63
1742509826.5832524	-22.63	-22.63
1742509826.6034203	-22.63	-22.63
1742509826.6279473	-22.63	-22.63
1742509826.6486504	-22.63	-22.63
1742509826.6691306	-22.63	-22.63
1742509826.6894846	-22.63	-22.63
1742509826.714121	-22.63	-22.63
1742509826.734675	-22.63	-22.63
1742509826.7551374	-22.63	-22.63
1742509826.7757099	-22.63	-22.63
1742509826.8000953	-22.63	-22.63
1742509826.8206677	0.0	0.0
1742509826.8410363	0.0	0.0
1742509826.865744	-18.76	-44.8
1742509826.886183	-23.32	-39.21
1742509826.9105415	-2.88	-18.69
1742509826.9313147	21.27	-13.79
1742509826.9517767	19.4	-25.79
1742509826.976236	-7.2	-39.58
1742509826.9968748	-22.5	-31.49
1742509827.017345	-24.17	-25.59
1742509827.0419233	-12.92	-21.56
1742509827.062239	2.7	-24.82
1742509827.0866122	3.69	-36.95
1742509827.107207	-6.5	-47.71
1742509827.1277406	-15.76	-37.9
1742509827.1522667	-13.18	-20.11
1742509827.17291	4.19	-21.26
1742509827.1971855	5.5	-41.41
1742509827.2177892	-3.56	-43.91
1742509827.2382965	-17.25	-40.28
1742509827.2629535	-14.21	-26.83
1742509827.2833796	-10.13	-21.82
1742509827.307972	-18.98	-26.0
1742509827.3285642	-17.68	-26.85
1742509827.3488832	-3.2	-32.36
1742509827.3733926	9.11	-36.21
1742509827.3939323	-7.13	-28.85
1742509827.4144208	-21.37	-26.21
1742509827.439025	-9.55	-29.36
1742509827.4594882	10.98	-20.28
1742509827.4839015	13.14	-27.73
1742509827.5045276	-8.1	-44.19
1742509827.5250468	-22.87	-43.84
1742509827.5495598	-17.21	-31.67
1742509827.569915	-6.12	-19.42
1742509827.5943558	-1.05	-17.56
1742509827.614948	-3.87	-19.29
1742509827.6356895	-10.03	-11.8
1742509827.6600945	-13.31	-17.05
1742509827.680655	-16.79	-15.85
1742509827.704997	-16.13	-14.69
1742509827.726003	-12.17	-15.72
1742509827.746168	-7.08	-6.76
1742509827.7706974	-4.72	-5.0
1742509827.7910597	-8.35	-16.44
1742509827.8117557	-13.3	-27.32
1742509827.8362367	-17.98	-34.73
1742509827.8568556	-17.13	-25.7
1742509827.8812542	-2.41	-18.63
1742509827.9017403	11.8	-22.63
1742509827.9222758	2.51	-24.8
1742509827.9468582	-20.0	-24.99
1742509827.9673378	-28.02	-16.36
1742509827.9919672	-12.23	-1.27
1742509828.012515	4.85	8.36
1742509828.0328999	2.31	-5.99
1742509828.057386	-7.81	-17.38
1742509828.0779793	-14.67	-25.13
1742509828.1022737	-11.28	-22.63
1742509828.1230547	-7.66	-19.44
1742509828.1435554	-8.75	-24.07
1742509828.1679897	-9.4	-30.49
1742509828.1885307	-16.8	-28.9
1742509828.209022	-17.17	-42.4
1742509828.2335737	-9.91	-40.06
1742509828.2539625	-7.55	-35.89
1742509828.278465	-11.53	-34.57
1742509828.2991252	-9.82	-26.14
1742509828.3197172	-0.96	-28.44
1742509828.3443215	-1.43	-36.42
1742509828.364717	-15.27	-29.33
1742509828.3891792	-20.45	-28.92
1742509828.4097774	-12.58	-23.37
1742509828.4302053	-7.05	-18.09
1742509828.4547482	-3.36	-24.46
1742509828.4752574	-4.92	-30.23
1742509828.4956932	-13.4	-34.94
1742509828.5203755	-17.86	-31.87
1742509828.5407	-12.64	-18.43
1742509828.5652554	-7.28	-20.05
1742509828.5857651	1.05	-15.04
1742509828.6063073	-0.1	-21.43
1742509828.630928	-13.86	-24.27
1742509828.651355	-18.79	-19.44
1742509828.675813	-13.03	-14.07
1742509828.6964176	-5.09	-16.68
1742509828.7169023	-0.18	-20.73
1742509828.7416685	-2.31	-25.05
1742509828.7620137	-7.48	-27.22
1742509828.7862995	-11.81	-15.66
1742509828.8069656	-14.4	-11.99
1742509828.8275058	-5.44	-12.4
1742509828.8518865	-12.4	-12.4
1742509828.8728175	-12.4	-12.4
1742509828.8931625	-12.4	-12.4
1742509828.9135604	-12.4	-12.4
1742509828.9379094	-12.4	-12.4
1742509828.958623	-12.4	-12.4
1742509828.979019	-12.4	-12.4
1742509828.9994864	-12.4	-12.4
1742509829.0238621	-12.4	-12.4
1742509829.044533	-12.4	-12.4
1742509829.0649955	-12.4	-12.4
1742509829.085541	-12.4	-12.4
1742509829.1099017	-12.4	-12.4
1742509829.1306338	-12.4	-12.4
1742509829.1510022	-12.4	-12.4
1742509829.1715539	-12.4	-12.4
1742509829.196026	-12.4	-12.4
1742509829.2166615	-12.4	-12.4
1742509829.236959	-12.4	-12.4
1742509829.257567	-12.4	-12.4
1742509829.2820544	-12.4	-12.4
1742509829.3027256	-12.4	-12.4
1742509829.3231068	-12.4	-12.4
1742509829.343569	-12.4	-12.4
1742509829.3680835	-12.4	-12.4
1742509829.3886633	-12.4	-12.4
1742509829.4090714	-12.4	-12.4
1742509829.4296272	-12.4	-12.4
1742509829.4540539	-12.4	-12.4
1742509829.4746466	-12.4	-12.4
1742509829.4951165	-12.4	-12.4
1742509829.5155878	-12.4	-12.4
1742509829.5400755	-12.4	-12.4
1742509829.5606768	-12.4	-12.4
1742509829.5811234	-12.4	-12.4
1742509829.6016428	-12.4	-12.4
1742509829.62613	-12.4	-12.4
1742509829.6466901	-12.4	-12.4
1742509829.6671278	-12.4	-12.4
1742509829.691418	-12.4	-12.4
1742509829.712097	-12.4	-12.4
1742509829.7327294	-12.4	-12.4
1742509829.7531703	-12.4	-12.4
1742509829.7775428	-12.4	-12.4
1742509829.7984862	-12.4	-12.4
1742509829.8189735	-12.4	-12.4
1742509829.8394587	-12.4	-12.4
1742509829.8637726	-12.4	-12.4
1742509829.8845222	-12.4	-12.4
1742509829.9049885	-12.4	-12.4
1742509829.9253323	-12.4	-12.4
1742509829.9498432	-12.4	-12.4
1742509829.9705334	-12.4	-12.4
1742509829.9910407	-12.4	-12.4
1742509830.0114365	-12.4	-12.4
1742509830.0358117	-12.4	-12.4
1742509830.05656	-12.4	-12.4
1742509830.076769	-12.4	-12.4
1742509830.0972216	-12.4	-12.4
1742509830.1218653	-12.4	-12.4
1742509830.1424856	-12.4	-12.4
1742509830.1628175	-12.4	-12.4
1742509830.183116	-12.4	-12.4
1742509830.2077308	-12.4	-12.4
1742509830.228338	-12.4	-12.4
1742509830.2487943	-12.4	-12.4
1742509830.2692246	-12.4	-12.4
1742509830.2936187	-12.4	-12.4
1742509830.3143675	-12.4	-12.4
1742509830.3348713	-12.4	-12.4
1742509830.3552139	-12.4	-12.4
1742509830.3797102	-12.4	-12.4
1742509830.4003289	-12.4	-12.4
1742509830.4207327	-12.4	-12.4
1742509830.4411879	-12.4	-12.4
1742509830.4660203	-12.4	-12.4
1742509830.4864538	-12.4	-12.4
1742509830.5069683	-12.4	-12.4
1742509830.5274096	-12.4	-12.4
1742509830.5517898	-12.4	-12.4
1742509830.5725644	-12.4	-12.4
1742509830.5929327	-12.4	-12.4
1742509830.6134427	-12.4	-12.4
1742509830.637828	-12.4	-12.4
1742509830.6583824	-12.4	-12.4
1742509830.6788704	-12.4	-12.4
1742509830.7030876	-12.4	-12.4
1742509830.723849	-12.4	-12.4
1742509830.7443357	-12.4	-12.4
1742509830.764835	-12.4	-12.4
1742509830.7891126	-12.4	-12.4
1742509830.8098652	-12.4	-12.4
1742509830.8306713	-12.4	-12.4
1742509830.8509688	-12.4	-12.4
1742509830.8753593	-12.4	-12.4
1742509830.8959854	-12.4	-12.4
1742509830.9164207	-12.4	-12.4
1742509830.9369638	-12.4	-12.4
1742509830.96126	-12.4	-12.4
1742509830.9819422	-12.4	-12.4
1742509831.00246	-12.4	-12.4
1742509831.0229535	-12.4	-12.4
1742509831.0473356	-12.4	-12.4
1742509831.068012	-12.4	-12.4
1742509831.0886545	-12.4	-12.4
1742509831.1090953	-12.4	-12.4
1742509831.1333373	-12.4	-12.4
1742509831.1539547	-12.4	-12.4
1742509831.1742597	-12.4	-12.4
1742509831.1948574	-12.4	-12.4
1742509831.2193513	-12.4	-12.4
1742509831.239998	-12.4	-12.4
1742509831.260444	-12.4	-12.4
1742509831.2809272	-12.4	-12.4
1742509831.3053107	-12.4	-12.4
1742509831.3260188	-12.4	-12.4
1742509831.3467953	-12.4	-12.4
1742509831.367262	-12.4	-12.4
1742509831.3916492	-12.4	-12.4
1742509831.412291	-12.4	-12.4
1742509831.4325309	-12.4	-12.4
1742509831.4529474	-12.4	-12.4
